"DateTime","CalibValid","discharge","quickflow","baseflow","temp_min","temp_max","precip","Observed","local","local_bfs","all_ws","all_ws_attr","all_ws_bfs","all_ws_bfs_attr"
"2019-08-06","Valid",100,14.3340507443848,85.6659492556152,200,322,0,1.6700006,1.5129392,1.2773311,1.6468227,1.144702,2.6747437,1.7753067
"2019-08-07","Valid",95.5,10.8138386425781,84.6861613574219,150,283,0,1.4100003,1.2927363,1.1102159,1.5619879,1.1370103,2.490689,1.7400763
"2019-08-08","Valid",92.3,8.360906640625,83.939093359375,178,300,0,1.3300002,1.0873754,0.9957268,1.5140114,1.0359421,2.3735476,1.6422973
"2019-08-09","Valid",92.8,9.53957812500001,83.260421875,128,311,13,1.4300003,1.0219197,0.85232687,1.4016426,1.0541272,2.309949,1.5069463
"2019-08-10","Valid",86.7,3.94625000000001,82.75375,133,283,0,1.3700004,0.8139038,0.7672348,1.2970841,0.93109274,2.1755404,1.6313324
"2019-08-11","Valid",82.6,0,82.6,144,289,0,1.3400004,0.73074913,0.67893267,1.2681935,0.90728474,2.2147634,1.5473454
"2019-08-12","Valid",83.4,0.79887500000001,82.601125,161,283,0,1.3600004,0.68451023,0.6048846,1.2355556,0.90722466,2.1298103,1.5233016
"2019-08-13","Valid",118,35.3458875,82.6541125,211,289,99,1.4500005,0.6724005,0.5586772,1.2592666,0.9393492,2.1053014,1.4741876
"2019-08-14","Valid",136,53.2215402016853,82.7784597983147,178,289,0,1.3600004,1.0393591,0.77843475,1.4539227,1.2528694,2.1314654,1.7529924
"2019-08-15","Valid",125,42.0947643963215,82.9052356036785,172,289,0,1.5600004,0.818202,0.7206354,1.3814228,1.3666496,2.1509852,1.6614072
"2019-08-16","Valid",111,28.0121221541,82.9878778459,150,267,0,1.7000003,0.73487663,0.6286268,1.3615108,1.3526661,2.12744,1.6507876
"2019-08-17","Valid",107,24.0487072846332,82.9512927153668,183,289,15,1.5700004,0.7049589,0.6122823,1.373666,1.2413526,2.138884,1.6684377
"2019-08-18","Valid",101,18.9561757162753,82.0438242837247,200,278,43,1.4300003,0.74122,0.6014724,1.3398321,1.221751,2.1374354,1.5824733
"2019-08-19","Valid",107,25.9971614326786,81.0028385673214,183,311,0,1.4600003,0.83268166,0.66072416,1.4141042,1.2039595,2.1353312,1.5698984
"2019-08-20","Valid",104,24.1825555631995,79.8174444368005,200,322,0,1.7300005,0.6794057,0.57947874,1.2894862,1.1585393,2.0784755,1.556787
"2019-08-21","Valid",98.9,20.4118132072804,78.4881867927196,156,267,91,1.4900002,0.6317034,0.49111462,1.2662504,1.1257117,2.0724204,1.541558
"2019-08-22","Valid",93,15.8269216306266,77.1730783693734,183,283,0,1.3900001,0.91025376,0.7473712,1.4386518,1.0961423,2.0558271,1.6668797
"2019-08-23","Valid",89.5,13.4682936547315,76.0317063452685,144,278,0,1.3600004,0.7194896,0.6703253,1.3198752,1.0826423,2.1156142,1.370821
"2019-08-24","Valid",89.4,14.4562634105205,74.9437365894795,122,256,0,1.2200003,0.66406775,0.609087,1.3352523,0.99152684,2.089255,1.5566478
"2019-08-25","Valid",83.3,9.28109557894108,74.0189044210589,117,250,0,1.0100005,0.6624541,0.6265526,1.331023,0.96205497,2.1116407,1.5170484
"2019-08-26","Valid",82.2,8.88902224750387,73.3109777524961,133,267,3,0.8900001,0.68033504,0.65403223,1.2805469,0.9396181,1.98525,1.5623989
"2019-08-27","Valid",91.6,19.0240443216258,72.5759556783742,183,250,117,0.99000025,0.6995497,0.665153,1.2136207,0.9258406,1.9936545,1.4902818
"2019-08-28","Valid",89.7,17.9575740977036,71.7424259022964,128,283,0,1.0100005,1.142297,1.0091681,1.3946962,1.1666453,1.9843025,1.6278212
"2019-08-29","Valid",81.4,10.5119643961661,70.888035603834,106,250,0,1.1200004,0.84158564,0.9365878,1.9200914,0.9489627,1.959449,1.5777383
"2019-08-30","Valid",83.7,13.6677824553147,70.0322175446854,150,294,0,1.0600004,0.82293224,0.886544,1.2421775,0.932595,1.9733508,1.6750469
"2019-08-31","Valid",81,11.8767749516915,69.1232250483085,117,256,0,1.0400002,0.8034396,0.82028913,1.1413603,0.914701,1.8369327,1.5644689
"2019-09-01","Valid",80.5,12.3194864342611,68.1805135657389,139,244,25,0.99000025,0.799387,0.83002996,1.197412,0.85759115,1.8556736,1.7038689
"2019-09-02","Valid",77.5,10.1967420910931,67.3032579089069,139,244,0,1.0300002,0.91884065,0.9283085,1.2296276,0.8854871,1.7102518,1.5511639
"2019-09-03","Valid",72.7,6.02891036874927,66.6710896312507,150,278,0,1.0200005,0.88894916,0.91086435,1.2266283,0.89849687,1.8338404,1.5476813
"2019-09-04","Valid",90.8,24.6452578310803,66.1547421689197,150,267,89,1.3400004,0.8603749,0.85065603,1.6932116,0.8613033,1.6567447,1.4680893
"2019-09-05","Valid",88.7,23.1807656450868,65.5192343549132,100,239,0,1.1100001,1.1732974,1.16747,1.2679112,0.9284599,1.5389605,1.686727
"2019-09-06","Valid",78.9,14.1455314934215,64.7544685065785,106,239,0,1.3300002,1.0043328,1.1488547,1.2511766,0.8888216,1.778568,1.6471658
"2019-09-07","Valid",77,13.1083276008379,63.8916723991621,122,233,0,1.2800004,1.0015764,1.1137741,1.2188435,0.93383694,1.8108399,1.6443021
"2019-09-08","Valid",77,14.0537250247458,62.9462749752542,156,256,15,1.2500002,1.0268643,1.1089325,1.2550735,0.9363735,1.8779507,1.656632
"2019-09-09","Valid",71.8,9.72597324880801,62.074026751192,133,189,18,1.3300002,1.0894697,1.1211731,1.6665633,0.9344828,1.7410228,1.5815127
"2019-09-10","Valid",67,5.51997107979245,61.4800289202076,150,278,0,1.2600002,1.1869617,1.2124641,1.4262505,0.9576273,1.8801305,1.6560175
"2019-09-14","Valid",63.3,3.21626802767673,60.0837319723233,100,278,0,1.1300004,0.95309806,0.7675843,1.4754353,0.6630478,1.4925177,1.3538847
"2019-09-15","Valid",68.1,8.23927540154241,59.8607245984576,117,283,234,1.0300002,0.85260916,0.7669349,1.1747212,0.5566058,1.6457033,1.5036011
"2019-09-16","Valid",83.9,24.3291094501472,59.5708905498528,161,256,3,1.3000004,1.7948098,1.6784148,1.3701544,1.2783947,1.5949755,2.0295734
"2019-09-17","Valid",79.8,20.6366374075705,59.1633625924295,161,272,0,0.9600005,1.3805761,1.5028558,1.4216757,0.9649608,1.792254,1.6799254
"2019-09-18","Valid",74.5,15.8678341059857,58.6321658940143,133,250,0,1.1100001,1.2622764,1.2700834,1.3919518,0.96037555,1.7800965,1.7437449
"2019-09-19","Valid",72.2,14.2000852009914,57.9999147990086,128,294,0,1.1200004,1.193954,1.1902945,1.7238996,0.8282857,1.8138413,1.735183
"2019-09-20","Valid",68.8,11.5170158681653,57.2829841318347,139,306,0,1.3000004,1.1005194,1.1056392,1.5259535,0.75392914,1.7102625,1.6517913
"2019-09-21","Valid",61.9,5.1975,56.7025,183,311,0,1.2400005,1.0255544,1.0246716,1.1638312,0.6859393,1.6135874,1.5518978
"2019-09-22","Valid",56.5,0,56.5,206,283,15,1.1900003,0.98369193,0.91609645,1.1435368,0.6963062,1.5081263,1.4476869
"2019-09-23","Valid",74.1,17.57525,56.52475,172,289,114,1.2800004,1.0187302,0.8773589,1.4269023,0.6879535,1.5144434,1.3520219
"2019-09-24","Valid",70.9,14.2844625,56.6155375,94,233,0,1.1900003,1.4044523,1.2890375,1.4227197,0.7545333,1.5352912,1.5344372
"2019-09-25","Valid",63.2,6.43276046875001,56.76723953125,117,256,3,1.0900004,1.1578574,1.2557995,1.321306,0.64881134,1.7827878,1.552788
"2019-09-26","Valid",62.6,5.65679176562501,56.943208234375,133,250,0,1.1800003,1.1229599,1.1833425,1.2270246,0.7110071,1.7447314,1.5013211
"2019-09-27","Valid",63.1,5.97286221533204,57.127137784668,89,217,0,1.2400005,1.1005728,1.1402657,1.2368038,0.7001319,1.7858925,1.5093462
"2019-09-28","Valid",721,662.757421393901,58.2425786060986,156,250,942,2.6000004,1.0984769,1.1801054,1.3119099,0.7329955,2.4095473,1.6951218
"2019-09-29","Valid",936,873.697839970724,62.3021600292759,167,228,61,5.07,3.9089687,3.838058,2.6094897,5.9547305,5.1874924,6.094118
"2019-09-30","Valid",811,741.208923070714,69.7910769292856,178,261,25,5.19,4.497089,4.575306,3.3784423,4.500933,3.908867,7.2696657
"2019-10-01","Valid",631,552.734536299896,78.2654637001037,178,311,0,4.73,4.455991,4.588532,3.2490485,4.810747,5.2107053,7.2014723
"2019-10-02","Valid",458,372.186782827496,85.8132171725038,217,317,0,4.1600003,4.021925,4.397197,3.3521671,4.341976,3.9567695,5.8293104
"2019-10-03","Valid",329,236.665814923532,92.3341850764682,161,322,0,3.7400002,3.6193805,4.159404,3.1025515,3.8651717,3.9019191,4.66788
"2019-10-04","Valid",252,154.173745879771,97.8262541202291,78,217,0,3.5200002,3.350694,3.7968225,2.8822985,3.3004253,3.9350295,4.0437946
"2019-10-05","Valid",217,114.590482392481,102.409517607519,67,178,0,3.42,3.287081,3.4889922,3.028548,3.0371222,4.0082426,3.431597
"2019-10-06","Valid",197,90.7268569737949,106.273143026205,67,217,25,3.4000003,3.2468984,3.2251227,3.2836056,2.8983614,4.0568366,2.9621692
"2019-10-07","Valid",183,73.4240705502193,109.575929449781,78,200,0,3.3400002,3.334694,3.067996,3.0417857,2.558557,3.8507948,2.8677647
"2019-10-08","Valid",167,54.5647413124221,112.435258687578,50,217,0,3.2200003,3.154293,2.8373232,2.9773893,2.4385445,3.7735305,2.738426
"2019-10-09","Valid",154,39.0417855015247,114.958214498475,61,233,0,3.1400003,2.9697173,2.5905154,2.8217518,2.204555,3.234491,2.8271089
"2019-10-10","Valid",155,37.7760664774609,117.223933522539,72,228,0,3.0700002,2.7551253,2.3655233,2.5394406,1.9649308,3.538321,2.7495768
"2019-10-11","Valid",167,47.7349505920269,119.265049407973,117,233,56,2.7700002,2.581389,2.2040339,2.4709334,1.8726349,3.2745714,2.9043026
"2019-10-12","Valid",197,75.9107991482737,121.089200851726,0,233,201,3.0200005,2.9640362,2.4447832,2.6649482,1.842689,3.161993,3.0941906
"2019-10-13","Valid",201,78.3044031432482,122.695596856752,0,128,0,3.13,4.674612,3.8188596,2.379163,2.3536496,2.8155441,4.108063
"2019-10-14","Valid",187,62.9226874902483,124.077312509752,6,172,0,3.4000003,4.3610764,3.9239798,2.605239,2.9436193,3.2882555,3.7214975
"2019-10-15","Valid",170,44.7717222143889,125.228277785611,6,139,0,3.4000003,4.1010094,3.734396,2.7875714,2.938847,3.3147693,4.071373
"2019-10-16","Valid",160,33.8466578545411,126.153342145459,56,200,3,3.3400002,3.888901,3.5844173,2.7469938,2.8882785,3.4316232,3.9800477
"2019-10-17","Valid",150,23.1176455135539,126.882354486446,22,106,0,3.2600002,3.6596642,3.4113016,2.6347992,2.5893147,3.4379644,3.9456978
"2019-10-18","Valid",144,16.5352945304195,127.464705469581,0,133,0,3.2100003,3.5058293,3.3201866,2.8798015,2.7904887,3.5537343,4.0517917
"2019-10-19","Valid",144,16.0626176356457,127.937382364354,0,161,0,3.13,3.3752375,3.1539779,2.7553363,2.747518,3.4978623,3.894127
"2019-10-20","Valid",135,6.67393638865622,128.326063611344,33,217,0,3.0700002,3.2387106,2.989426,2.6753652,2.6351075,3.4749627,3.8900437
"2019-10-21","Valid",134,5.33800205213831,128.661997947862,106,189,25,2.9500003,3.0578337,2.814516,2.5116236,2.30825,3.3526583,3.7244925
"2019-10-22","Valid",144,15.036618910532,128.963381089468,78,178,64,2.8800004,3.1081896,2.9267638,2.58264,2.2433953,3.5691235,3.7754884
"2019-10-23","Valid",153,23.7691846972669,129.230815302733,22,128,18,2.7300003,3.5143595,3.340931,2.6084902,2.3423994,3.485168,4.061614
"2019-10-24","Valid",140,10.5391260027477,129.460873997252,33,194,0,2.6900003,3.4698563,3.3734179,2.6228478,2.6964812,3.477407,3.9645066
"2019-10-25","Valid",132,2.34269488506118,129.657305114939,61,111,0,2.7300003,3.248005,3.1572547,2.4801698,2.4719799,3.4935882,3.6848338
"2019-10-26","Valid",151,21.1402740186816,129.859725981318,33,106,0,2.8500004,3.1190805,3.066543,2.592365,2.6138453,3.4444203,3.803506
"2019-10-27","Valid",650,519.17316362353,130.82683637647,44,161,427,4.67,3.0507903,2.9828143,2.6489747,2.9018745,3.6346893,3.9973738
"2019-10-28","Valid",676,542.090486996297,133.909513003703,28,156,0,6.56,6.6327906,6.290052,3.7361388,7.822841,5.4859176,7.625268
"2019-10-29","Valid",572,432.586425317766,139.413574682234,50,122,10,6.4,6.5841007,6.793105,4.4444213,6.3696356,5.65408,7.773878
"2019-10-30","Valid",619,472.231370151661,146.768629848339,33,67,193,5.69,6.470522,6.7105618,4.8174953,6.7555833,5.3754625,7.7998447
"2019-10-31","Valid",963,806.864243368059,156.135756631941,33,56,191,6.2400002,7.8755054,7.554755,5.4285154,7.215028,5.604455,8.408303
"2019-11-01","Valid",1100,931.601977894894,168.398022105106,-61,50,13,7.19,8.418858,7.782632,6.9026833,7.925352,6.7040796,9.258088
"2019-11-02","Valid",1090,908.006633136909,181.993366863091,-50,72,0,7.5600004,8.544956,8.006279,8.166077,8.263236,7.608949,9.531752
"2019-11-03","Valid",1000,805.487967269287,194.512032730713,-28,78,0,7.4400005,8.327232,7.9516916,8.452354,8.24143,7.5790343,9.527699
"2019-11-04","Valid",868,662.514270930316,205.485729069684,-11,117,0,6.8700004,8.081963,7.741576,8.225927,7.9241047,7.4829965,9.446274
"2019-11-05","Valid",705,490.236044199843,214.763955800157,0,122,0,6.3700004,7.784007,7.3731685,7.859969,7.4981837,7.350654,9.184996
"2019-11-06","Valid",548,325.733269571627,222.266730428373,-44,72,0,5.96,7.4331846,6.911797,7.3799124,6.9696608,6.9550514,8.658861
"2019-11-07","Valid",447,218.911652290067,228.088347709933,-11,139,0,5.7400002,7.190524,6.44974,6.8604727,6.635845,6.6128216,8.2722435
"2019-11-08","Valid",391,158.445386939429,232.554613060571,-89,17,0,5.54,6.854635,5.8816137,6.4189878,5.9893456,6.071987,7.4730854
"2019-11-09","Valid",358,121.977607049909,236.022392950091,-72,11,0,5.3900003,6.7676888,5.655531,6.2734733,6.1244597,5.781909,7.6263647
"2019-11-10","Valid",336,97.2683058519088,238.731694148091,-11,89,0,5.3,6.677705,5.412077,6.248891,5.919365,5.862276,7.2111545
"2019-11-11","Valid",314,73.1505011084136,240.849498891586,6,111,5,5.1200004,6.5450954,5.08621,6.0974927,5.548269,5.9503174,6.830871
"2019-11-12","Valid",295,52.4820913040912,242.517908695909,-133,6,53,4.82,6.4875154,4.9037533,5.9419546,5.3079176,5.9648895,6.598286
"2019-11-13","Valid",274,30.1297888117531,243.870211188247,-167,-78,0,4.7400002,6.9568725,5.3308635,6.110808,5.5308146,5.8920183,6.87805
"2019-11-14","Valid",280,34.9929757446216,245.007024255378,-111,-28,0,4.8100004,6.7658696,5.3672585,6.378489,5.7423286,6.1008444,6.440924
"2019-11-15","Valid",268,22.024033813775,245.975966186225,-100,0,0,4.77,6.547629,5.1973968,6.493562,5.554506,6.4241614,6.2994394
"2019-11-16","Valid",257,10.1817625277419,246.818237472258,-61,39,0,4.67,6.36311,5.05568,6.5413723,5.3795996,6.6545753,6.133616
"2019-11-17","Valid",272,24.3970365881613,247.602963411839,-50,56,0,4.59,6.198529,4.918128,6.4846773,5.1666803,6.838291,5.880764
"2019-11-18","Valid",289,40.5855596252992,248.414440374701,-50,33,8,4.75,6.1037617,4.8790464,6.4901695,5.1500316,7.098708,5.935888
"2019-11-19","Valid",294,44.679820876058,249.320179123942,-11,33,0,4.9,6.1258235,4.9979677,6.408035,5.2115116,7.3370686,6.0119996
"2019-11-20","Valid",287,36.6703991663107,250.329600833689,6,56,10,4.8100004,6.1094155,5.06728,6.3021345,5.215139,7.368844,5.8578634
"2019-11-21","Valid",286,34.5920042205976,251.407995779402,6,100,71,4.65,6.198875,5.1993847,6.18692,5.142049,7.3429165,5.8500195
"2019-11-22","Valid",316,63.431128771431,252.568871228569,11,122,0,4.6800003,6.721574,5.8257623,6.221243,4.9771256,7.352665,6.1169796
"2019-11-23","Valid",328,74.1063671158986,253.893632884101,-56,44,0,5.01,6.657919,5.955884,5.9363923,5.232905,7.0853405,5.945572
"2019-11-24","Valid",327,71.5743008593567,255.425699140643,-33,22,15,5.11,6.724909,6.0497236,6.031348,5.526598,7.29489,6.260479
"2019-11-25","Valid",309,51.8847274762691,257.115272523731,-11,100,0,5.1200004,6.8409424,6.1902003,5.990881,5.525712,7.290411,6.058138
"2019-11-26","Valid",286,27.1542659083108,258.845734091689,-22,139,0,4.9900002,6.7671843,6.1149335,5.762425,5.332218,7.2151327,5.816738
"2019-11-27","Valid",299,38.4702719834923,260.529728016508,-6,128,71,4.8,6.668105,6.0264096,5.55353,5.122142,7.223504,5.6696086
"2019-11-28","Valid",322,59.7989469016622,262.201053098338,0,61,0,4.7400002,7.0203342,6.620362,5.6032147,4.990737,7.194089,5.9406967
"2019-11-29","Valid",309,45.0831753021996,263.9168246978,0,28,0,4.9900002,6.9849215,6.6915827,5.3929925,5.3412175,7.1523337,5.743708
"2019-11-30","Valid",316,50.3334003663345,265.666599633665,17,39,53,5.01,7.000594,6.6331015,5.384008,5.4064555,7.2124596,5.8153467
"2019-12-01","Valid",541,273.246561309774,267.753438690226,17,61,79,5.4900002,7.290077,7.023317,5.4877434,5.333309,7.1373816,5.9880943
"2019-12-02","Valid",637,366.703552165357,270.296447834643,0,33,8,6.77,7.8804893,8.045872,5.944103,6.5718393,7.0701823,7.329353
"2019-12-03","Valid",596,323.215338392071,272.784661607929,-17,28,0,6.9900002,7.9770374,8.484402,6.366603,7.141956,7.050747,7.2511263
"2019-12-04","Valid",540,265.14433614401,274.85566385599,-17,33,0,6.8700004,7.9485693,8.404151,6.3106117,7.0513763,6.9771833,7.235527
"2019-12-05","Valid",468,191.57953544069,276.42046455931,-56,67,0,6.6400003,7.859418,8.17373,6.1563063,6.821109,6.8251114,7.203575
"2019-12-06","Valid",404,126.577507801772,277.422492198228,-39,83,0,6.2700005,7.7670593,7.8719816,5.977323,6.5155745,6.781057,7.1087666
"2019-12-07","Valid",355,77.1326193119484,277.867380688052,-94,39,0,6,7.584979,7.5772038,5.6635194,6.128771,6.5915437,6.7797155
"2019-12-08","Valid",336,61.1310022304683,274.868997769532,-94,50,0,5.82,7.517211,7.3342323,5.3758397,6.0238338,6.68386,6.619607
"2019-12-09","Valid",365,95.1316578167225,269.868342183277,6,100,61,5.71,7.4120946,7.093168,5.352835,5.8503556,6.6891127,6.394566
"2019-12-10","Valid",422,157.753384295105,264.246615704895,-89,89,0,5.7200003,7.5442343,7.370393,5.34105,5.588205,6.49006,6.6479874
"2019-12-11","Valid",380,122.183915137445,257.816084862555,-100,-44,0,5.86,7.5509224,7.4290853,5.3234634,6.0792217,6.7513475,6.8362827
"2019-12-12","Valid",331,79.7175253386231,251.282474661377,-94,-39,3,5.69,7.5352955,7.3105392,5.366548,6.1489873,6.9103947,6.631899
"2019-12-13","Valid",326,80.9784057714844,245.021594228516,-39,56,0,5.57,7.4844084,7.0591984,5.4235263,5.9057293,6.99154,6.421686
"2019-12-14","Valid",319,80.260438671875,238.739561328125,-22,83,0,5.5600004,7.3285255,6.7789836,5.3600497,5.6216793,6.930419,6.2837706
"2019-12-15","Valid",296,62.835609375,233.164390625,-56,39,0,5.4700003,7.203709,6.594979,5.200631,5.470639,6.856639,6.3021307
"2019-12-16","Valid",271,41.916875,229.083125,-61,-33,18,5.2200003,7.1639423,6.467604,5.2297,5.416808,6.860954,6.1101027
"2019-12-17","Valid",270,44.275,225.725,-67,-6,3,5.0600004,7.2415667,6.441011,5.1191206,5.3413224,6.8603625,6.1373925
"2019-12-18","Valid",261,38.5,222.5,-78,-6,0,4.9900002,7.212785,6.294616,5.255049,5.325884,6.927782,5.9948606
"2019-12-19","Valid",221,0,221,-133,-56,0,5.11,7.164982,6.092284,5.319689,5.2773027,7.0153847,5.89773
"2019-12-20","Valid",278,56.9416106256475,221.058389374353,-100,11,0,5.05,7.122986,5.840149,5.4031487,5.250769,7.0738707,5.946537
"2019-12-21","Valid",260,38.8362052164733,221.163794783527,-56,39,0,4.82,7.048012,5.5843205,5.5297875,5.2965665,7.204279,5.9630013
"2019-12-22","Valid",241,19.7612175182334,221.238782481767,-44,83,0,4.6200004,6.9335766,5.363408,5.6109166,5.0783954,7.167438,5.5666814
"2019-12-23","Valid",237,15.7280880264164,221.271911973584,-39,117,0,4.5800004,6.8245454,5.1947565,5.474038,4.917264,7.0859146,5.4469457
"2019-12-24","Valid",236,15.2475289211216,220.752471078878,-44,122,0,4.53,6.708471,5.092548,5.3949924,4.7958846,7.0124803,5.3958516
"2019-12-25","Valid",233,12.9890349971747,220.010965002825,-44,128,0,4.48,6.6092935,5.042429,5.263903,4.7102547,6.987298,5.373907
"2019-12-26","Valid",234,14.8156095292916,219.184390470708,11,161,0,4.42,6.516225,5.0096173,5.090309,4.608319,6.9774027,5.257724
"2019-12-27","Valid",228,9.625,218.375,11,172,0,4.19,6.393319,5.0171905,5.0367637,4.427527,6.8806977,4.9992404
"2019-12-28","Valid",218,0,218,-17,33,0,4.05,6.316618,5.062306,4.8439274,4.2745633,6.85501,4.7241054
"2019-12-29","Valid",283,64.90859375,218.09140625,6,139,127,4.1000004,6.42737,5.1676693,4.80011,4.492846,6.998479,5.051014
"2019-12-30","Valid",764,544.8802734375,219.1197265625,6,150,132,5.9300003,7.1292477,6.3485994,4.944337,4.3967752,6.819053,5.61049
"2019-12-31","Valid",1010,787.265934082031,222.734065917969,-22,11,5,8.65,8.258253,8.285486,6.2415075,7.391782,7.2599277,8.750091
"2020-01-01","Valid",967,737.151450341797,229.848549658203,-61,0,0,8.66,8.57824,9.1770735,7.1937675,8.10794,7.67784,8.611903
"2020-01-02","Valid",857,617.352637688462,239.647362311538,-61,61,0,8.14,8.702277,9.113949,7.2891016,8.010793,7.5089617,8.642583
"2020-01-03","Valid",752,502.106568526147,249.893431473853,11,100,0,7.69,8.618444,8.803564,7.1133146,7.6320715,7.2620244,8.527627
"2020-01-04","Valid",621,361.864000216075,259.135999783925,-6,44,3,7.3100004,8.293232,8.480853,6.8763,7.1394815,6.830665,8.193668
"2020-01-05","Valid",521,253.692878433492,267.307121566508,-44,6,0,7.01,8.076362,8.163335,6.4669337,6.869381,6.5357914,8.240415
"2020-01-06","Valid",468,193.609837495662,274.390162504338,-44,72,0,6.83,7.9339075,7.823854,6.010111,6.676777,6.338607,8.111518
"2020-01-07","Valid",425,144.557552549591,280.442447450409,-61,72,0,6.61,7.7562065,7.4785557,5.6631613,6.3943315,6.2310405,7.816129
"2020-01-08","Valid",386,100.365111108372,285.634888891628,-72,56,0,6.44,7.610614,7.2099648,5.472886,6.2286677,6.20326,7.8287196
"2020-01-09","Valid",346,55.7814777752437,290.218522224756,-72,0,0,6.19,7.4890876,6.9969645,5.2950554,6.068535,6.190513,7.5610046
"2020-01-10","Valid",351,56.5908356921004,294.4091643079,0,100,3,6.07,7.400013,6.837227,5.2266245,5.936282,6.2478843,7.386005
"2020-01-11","Valid",1110,810.626581608943,299.373418391057,39,139,556,4.8100004,7.237091,6.673068,5.037293,5.664417,6.169162,7.1790485
"2020-01-12","Valid",2480,2170.96004843749,309.039951562509,-28,39,61,4.82,7.832826,8.241063,6.796463,9.756508,8.29878,9.481877
"2020-01-13","Valid",2760,2432.01028322021,327.989716779794,-28,11,3,5.7200003,8.852409,8.146134,6.6187186,8.434033,8.5293255,8.467596
"2020-01-14","Valid",2610,2255.85772470858,354.142275291422,-11,22,0,6.67,8.812069,8.037727,6.4829364,8.475892,8.066539,7.9834557
"2020-01-15","Valid",2310,1929.50124157649,380.498758423509,6,61,0,7.48,8.685841,8.143598,6.2019167,8.501631,8.010077,8.024607
"2020-01-16","Valid",1960,1556.37418430813,403.625815691868,-67,44,5,7.87,8.597791,8.271366,6.0636153,8.572692,7.9598002,8.161744
"2020-01-17","Valid",1580,1156.88934246551,423.110657534489,-78,-28,0,7.78,8.667683,8.345259,6.125704,8.719044,8.085289,8.1297245
"2020-01-18","Valid",1330,891.283939417255,438.716060582745,-67,28,198,7.32,8.698945,8.366624,6.328202,8.7549095,7.9904795,8.047871
"2020-01-19","Valid",1550,1099.6769508205,450.323049179505,-161,50,5,7.21,8.546661,8.042226,6.2457495,8.196863,7.7026772,7.591826
"2020-01-20","Valid",1370,912.158569923624,457.841430076376,-161,-89,0,8.03,8.785079,8.171682,7.322051,8.928757,7.928615,8.067549
"2020-01-21","Valid",1020,558.604377077958,461.395622922042,-111,-33,0,7.86,8.748505,8.340505,7.4371424,8.988102,7.9242964,7.9236603
"2020-01-22","Valid",782,333.238014808115,448.761985191885,-100,0,0,7.4300003,8.539403,8.227448,7.586964,8.315746,7.8267474,7.7820873
"2020-01-23","Valid",611,182.324880873638,428.675119126362,-89,22,0,7.1000004,8.271058,7.935211,7.464423,7.681458,7.665228,7.551689
"2020-01-24","Valid",501,82.6485198633924,418.351480136608,11,33,23,6.75,7.959259,7.620509,7.368252,7.1206207,7.420258,7.4498243
"2020-01-25","Valid",486,73.7416430955593,412.258356904441,0,44,20,6.44,7.68639,7.499546,7.1628675,6.4658575,6.8322716,7.372061
"2020-01-26","Valid",471,64.1125871303344,406.887412869666,-11,0,5,6.2300005,7.592272,7.503499,7.084297,6.4936447,6.7598414,7.6703653
"2020-01-27","Valid",469,67.2298239246859,401.770176075314,-28,6,0,6.13,7.47968,7.4607153,6.9996634,6.5566387,6.812397,7.595475
"2020-01-28","Valid",450,52.9106204591199,397.08937954088,-22,0,0,6.21,7.4065523,7.373397,7.184788,6.621891,6.92889,7.5473375
"2020-01-29","Valid",437,43.6736437395891,393.326356260411,-17,0,0,6.21,7.334906,7.2837133,7.0544233,6.5198474,6.898936,7.422135
"2020-01-30","Valid",422,31.6066418806368,390.393358119363,-17,6,0,6.3,7.2856836,7.2170067,6.925973,6.443642,6.8338385,7.3641405
"2020-01-31","Valid",412,23.763937168256,388.236062831744,-11,11,3,6.33,7.2494984,7.162331,6.603211,6.3510313,6.7408676,7.2743034
"2020-02-01","Valid",435,48.7257091008173,386.274290899183,-11,22,23,6.52,7.2374477,7.1400566,6.646001,6.261609,6.6381173,7.192624
"2020-02-02","Valid",490,106.032434669803,383.967565330197,-11,28,0,7.2000003,7.3841276,7.304179,6.721711,6.2910824,6.6590776,7.2797804
"2020-02-03","Valid",533,151.965708827996,381.034291172004,-28,139,0,7.83,7.402493,7.382673,6.4049006,6.558653,6.715798,7.2851305
"2020-02-04","Valid",539,161.766848783116,377.233151216884,0,133,0,8.01,7.4034815,7.4311256,6.8525305,6.648482,6.8040915,7.204612
"2020-02-05","Valid",497,124.478733088945,372.521266911055,-17,33,0,7.65,7.331745,7.4969172,6.9569283,6.5722322,6.6907964,7.1193333
"2020-02-06","Valid",464,96.9612650959901,367.03873490401,-44,11,56,7.38,7.350274,7.5396366,6.737926,6.512281,6.490382,7.1751785
"2020-02-07","Valid",428,66.4599485575364,361.540051442464,-78,-28,10,7.29,7.7277355,7.8570414,6.6679454,6.3291264,6.379053,7.2489033
"2020-02-08","Valid",391,33.3485930351745,357.651406964825,-50,0,8,6.9700003,7.7584457,7.780121,6.758472,6.3697352,6.319211,6.9821134
"2020-02-09","Valid",369,13.1606411191076,355.839358880892,-78,0,0,6.6200004,7.6767435,7.575583,6.763641,6.147163,6.2371426,6.791822
"2020-02-10","Valid",439,84.3341390476839,354.665860952316,-33,17,20,6.94,7.5979743,7.364245,6.8186193,6.1066065,6.2831626,6.7642546
"2020-02-11","Valid",505,152.014398632631,352.985601367369,-28,6,0,8.01,7.65224,7.4080296,6.8302293,6.288199,6.551772,6.9098616
"2020-02-12","Valid",484,133.486806587642,350.513193412358,-56,33,0,8.13,7.651018,7.4591303,6.6286197,6.601799,6.8554053,7.045212
"2020-02-13","Valid",465,117.773999177307,347.226000822693,-39,17,61,7.78,7.6441026,7.425398,6.7710643,6.505951,6.9028473,6.895444
"2020-02-14","Valid",375,30.8086341137695,344.191365886231,-200,-6,3,7.38,7.947819,7.73671,6.8185635,6.280112,6.751373,7.123067
"2020-02-15","Valid",526,184.536192285156,341.463807714844,-194,-78,0,7.37,7.9739313,7.5485134,6.9854727,6.3714037,6.5435905,6.7149153
"2020-02-16","Valid",444,106.03170703125,337.96829296875,-94,17,0,7.19,8.001456,7.443017,7.0756426,7.363078,7.219803,6.867279
"2020-02-17","Valid",336,0,336,-78,33,0,6.7000003,7.7473593,7.1823764,6.9976807,6.3140707,7.178446,6.3678174
"2020-02-18","Valid",533,196.72296875,336.27703125,6,50,132,6.9300003,7.4996915,6.9201655,7.0078087,5.7699046,6.8562517,6.178982
"2020-02-19","Valid",706,368.4131171875,337.5868828125,-61,28,0,8.3,8.245357,7.7643104,6.9925823,6.511359,7.178672,7.63535
"2020-02-20","Valid",692,351.483020410156,340.516979589844,-83,6,0,8.52,8.330652,8.227743,7.145062,7.475912,7.6480737,7.5496883
"2020-02-21","Valid",600,255.65635048661,344.34364951339,-111,-33,0,8.110001,8.301649,8.21092,7.052739,7.5217667,7.6738997,7.6083183
"2020-02-22","Valid",485,137.0019660107,347.9980339893,-94,17,0,7.6400003,8.216271,7.9712663,7.006859,7.238029,7.4442854,7.438956
"2020-02-23","Valid",419,67.7619009312364,351.238099068764,-39,94,0,7.2700005,7.997568,7.6325293,6.9404645,6.6210012,7.112979,7.078766
"2020-02-24","Valid",389,34.8875708613937,354.112429138606,-6,133,0,6.8900003,7.691078,7.354126,6.89981,6.1292005,6.766817,6.8565173
"2020-02-25","Valid",459,102.172565546789,356.827434453211,11,56,86,6.8100004,7.414491,7.194853,5.7293124,5.8840246,6.403574,6.7692094
"2020-02-26","Valid",591,231.18763094328,359.81236905672,-22,28,99,7.48,7.8174076,7.7692256,6.9200788,6.0914035,6.5084043,7.471751
"2020-02-27","Valid",638,274.516313699268,363.483686300732,-61,-11,25,8.15,8.41914,8.41214,6.804514,6.7273917,6.8672853,7.91912
"2020-02-28","Valid",604,236.613556211277,367.386443788723,-83,-11,0,8.08,8.50458,8.572955,6.862882,7.175283,7.098914,7.817687
"2020-02-29","Valid",528,157.100871297719,370.899128702281,-128,-17,0,7.75,8.378417,8.335457,5.4741383,7.1914577,7.158643,7.6597815
"2020-03-01","Valid",466,92.0166301953914,373.983369804609,-106,0,0,7.4300003,8.262931,7.9550657,5.377517,7.0234146,7.160768,7.564832
"2020-03-02","Valid",654,277.382506995617,376.617493004383,0,122,74,7.05,8.049343,7.613262,6.832274,6.648392,7.0762906,7.2756042
"2020-03-03","Valid",869,490.24935501218,378.75064498782,0,100,0,7.8,8.301773,8.025604,6.9590044,7.0826087,7.2057533,8.412131
"2020-03-04","Valid",843,462.729966994646,380.270033005354,-11,106,0,8.12,8.296451,8.441676,6.8729086,7.8236084,7.4552956,8.558408
"2020-03-05","Valid",732,350.968150221569,381.031849778431,-33,106,0,7.84,8.231441,8.520221,6.766486,7.5692186,7.5657206,8.551254
"2020-03-06","Valid",605,231.472246603086,373.527753396914,0,133,0,7.34,8.110111,8.359135,5.4889793,7.2197847,7.3130836,8.012024
"2020-03-07","Valid",488,125.792344619134,362.207655380866,-72,133,0,6.96,7.828906,8.103719,6.5763626,6.6699405,6.811504,7.814473
"2020-03-08","Valid",411,55.8701022909555,355.129897709045,-44,100,0,6.7300005,7.6743736,7.7615986,6.4323845,6.3967485,6.3935657,7.3109035
"2020-03-09","Valid",373,20.8595700442762,352.140429955724,6,172,10,6.61,7.44411,7.4513907,4.9248977,6.047418,5.8364677,6.94005
"2020-03-10","Valid",403,52.5964946424607,350.403505357539,28,178,86,6.4100003,7.213979,7.2433805,4.5299635,5.6638417,5.3814588,6.4240336
"2020-03-11","Valid",454,105.685188464822,348.314811535178,-6,39,3,6.8700004,7.4908915,7.7666597,4.7917514,5.530137,4.42791,6.7818413
"2020-03-12","Valid",449,103.331427352173,345.668572647827,22,50,0,7.11,7.4785576,7.907764,6.247678,6.1491632,5.596865,7.081992
"2020-03-13","Valid",424,81.5756276220703,342.42437237793,0,150,0,6.9900002,7.406502,7.7589607,4.7126746,6.1806364,5.761235,6.6505756
"2020-03-14","Valid",369,29.486909375,339.513090625,6,150,0,6.51,7.2869396,7.5065846,4.501568,5.9385443,5.635388,6.5946016
"2020-03-15","Valid",360,22.512875,337.487125,-17,28,33,6.3500004,7.1115894,7.263214,4.3595886,5.6113167,5.3637714,6.0905104
"2020-03-16","Valid",354,18.095,335.905,-28,83,0,6.4700003,7.2913017,7.433707,4.5388,5.6456003,5.265706,6.3424854
"2020-03-17","Valid",350,15.4,334.6,0,50,3,6.6800003,7.236308,7.260454,4.4276266,5.6138906,5.330788,6.050645
"2020-03-18","Valid",334,0,334,6,100,0,6.4900002,7.200142,7.1457996,4.4403176,5.581564,5.5281916,6.1361895
"2020-03-19","Valid",481,146.79328125,334.20671875,39,72,142,7.05,7.1194696,6.9960427,6.0614824,5.426538,4.8974204,5.9537373
"2020-03-20","Valid",680,344.7175703125,335.2824296875,44,172,81,7.87,7.9451685,8.162317,6.0872865,5.9291677,6.048794,7.313496
"2020-03-21","Valid",728,390.070472558594,337.929527441406,-33,178,0,8.1,8.4084015,8.978672,5.187156,6.732454,6.6432724,7.659956
"2020-03-22","Valid",666,324.478782747269,341.521217252731,-33,11,0,7.9400005,8.314209,8.955678,5.306653,7.223201,6.942973,7.6391172
"2020-03-23","Valid",575,230.069753698654,344.930246301346,-17,11,69,7.55,8.161254,8.676207,6.420944,7.209367,6.610031,7.5957303
"2020-03-24","Valid",532,184.126506588757,347.873493411243,0,33,0,7.46,8.354378,8.590766,5.2753267,6.605564,4.9516783,7.512086
"2020-03-30","Valid",993,659.538299393329,333.461700606671,44,122,0,7.55,8.55908,8.967762,6.4634933,7.804974,7.2876654,8.555803
"2020-03-31","Valid",806,490.928284309243,315.071715690757,22,122,0,7.48,8.379924,8.827447,6.6096764,7.6440625,6.45019,8.138504
"2020-04-01","Valid",665,371.373576359469,293.626423640531,22,61,0,7.2300005,8.115639,8.462939,6.3518877,7.1679077,6.4488187,7.7348833
"2020-04-02","Valid",528,255.713559299965,272.286440700035,-17,117,0,6.9500003,7.873252,8.054415,5.976224,6.879995,6.3228183,7.6069098
"2020-04-03","Valid",434,178.636280324286,255.363719675714,-17,167,3,6.69,7.659739,7.506549,5.5311127,6.4063654,6.605042,7.539419
"2020-04-04","Valid",395,152.539221972201,242.460778027799,-17,206,5,6.3500004,7.3845844,6.9339104,5.105497,5.977063,5.6568894,6.624135
"2020-04-05","Valid",354,122.245104834812,231.754895165188,11,83,10,6.21,7.1245437,6.4456325,4.7467403,5.7139387,5.517794,6.126663
"2020-04-06","Valid",326,103.021734956553,222.978265043447,0,161,0,5.9700003,7.016612,6.33997,4.7746944,5.586367,5.727109,5.900225
"2020-04-07","Valid",319,104.091064817896,214.908935182104,0,194,0,5.79,6.876709,5.927018,4.5128765,5.3473115,5.61768,5.4598765
"2020-04-08","Valid",308,101.084934938266,206.915065061734,0,267,0,5.6400003,6.715544,5.5598297,4.2956996,5.146451,5.665697,4.9905705
"2020-04-09","Valid",296,96.7945242575844,199.205475742416,0,267,20,5.4100003,6.498329,5.142668,3.9671707,4.77723,5.1908455,4.6285505
"2020-04-10","Valid",264,71.345431629821,192.654568370179,-11,100,3,5.33,6.393321,5.023773,3.829445,4.4197407,5.1967955,4.365453
"2020-04-11","Valid",234,45.913980140347,188.086019859653,6,106,0,5.25,6.42245,4.9647865,4.0194554,4.6156797,4.4746156,4.4835725
"2020-04-12","Valid",232,47.5556542057805,184.444345794219,56,194,51,5.17,6.441122,4.6782002,3.94062,4.402958,5.0059943,4.3998747
"2020-04-13","Valid",239,58.4221599521952,180.577840047805,22,172,13,5.15,6.5787764,4.810376,3.8199103,3.9637527,5.142265,4.279546
"2020-04-14","Valid",213,35.831895894265,177.168104105735,-22,172,0,5.03,6.5768604,4.6656837,3.7293282,4.0228515,5.1863008,4.2261405
"2020-04-15","Valid",199,24.1696171829892,174.830382817011,-50,56,13,4.8,6.5039473,4.331574,3.556274,3.7943525,4.75997,4.1943307
"2020-04-16","Valid",194,20.9266131707992,173.073386829201,-56,39,0,4.8500004,6.625101,4.355713,3.7611794,3.975379,5.0523887,4.6090894
"2020-04-17","Valid",188,16.3801223468099,171.61987765319,-56,78,71,4.7200003,6.6776705,4.2458057,3.8709767,4.036914,5.2618666,4.6623597
"2020-04-18","Valid",207,36.7371255100647,170.262874489935,-56,78,15,4.75,6.9811745,4.713654,3.932694,3.7444057,5.015573,4.861098
"2020-04-19","Valid",200,31.2780030852051,168.721996914795,6,139,0,4.78,6.9586043,4.7498894,3.884319,3.990445,5.3158894,4.8092947
"2020-04-20","Valid",192,25.0075644628906,166.992435537109,-17,178,0,4.6000004,6.7796965,4.516762,3.7012906,3.8193355,6.8008723,4.4098983
"2020-04-21","Valid",185,19.681891796875,165.318108203125,-17,178,0,4.4100003,6.637871,4.329726,3.5071976,3.5934234,5.6100698,4.2330294
"2020-04-22","Valid",173,8.79123437500002,164.208765625,11,128,0,4.2400002,6.492426,4.1859345,3.3720493,3.4097586,5.685383,4.1395965
"2020-04-23","Valid",169,5.34187500000002,163.658125,39,211,3,4.1200004,6.418808,4.119746,3.387597,3.364331,5.9301543,4.144762
"2020-04-24","Valid",169,5.77500000000001,163.225,61,150,5,4.21,6.2957315,3.9502861,3.1441917,3.070931,6.5110183,3.962142
"2020-04-25","Valid",163,0,163,56,156,102,4.11,6.271343,3.9363952,3.2046137,3.1077514,6.4190674,3.9265022
"2020-04-26","Valid",197,33.9521875,163.0478125,56,144,157,3.9600003,6.7491302,4.7828703,3.324657,2.9783487,5.5945168,4.2487087
"2020-04-27","Valid",216,52.741390625,163.258609375,-6,156,0,4.19,7.539546,6.226058,3.5244243,3.4136984,5.3599706,4.6743007
"2020-04-28","Valid",210,46.2995134765625,163.700486523437,39,206,28,4.2000003,7.2830777,6.1564865,3.1748629,3.5365057,5.6549587,4.60798
"2020-04-29","Valid",392,227.396622578125,164.603377421875,39,250,127,5.6200004,7.0688124,6.032205,2.9070015,3.4799104,4.209217,4.383708
"2020-04-30","Valid",750,583.097480551147,166.902519448853,50,139,208,9.39,7.648112,7.322651,3.1874309,5.1176825,4.7656755,5.8664584
"2020-05-01","Valid",853,681.208947576215,171.791052423785,22,83,3,9.32,8.616438,8.969305,4.555125,8.288175,3.7946296,8.509521
"2020-05-02","Valid",810,631.285049379718,178.714950620282,22,189,0,8.85,8.52231,9.252853,5.610611,8.19785,3.5901828,8.851101
"2020-05-03","Valid",714,528.267059219406,185.732940780594,133,261,0,8.16,8.223129,8.820873,6.1299214,8.082874,3.585463,8.776994
"2020-05-04","Valid",586,394.12418128694,191.87581871306,50,211,0,7.32,7.6257625,8.142544,6.1134605,7.189412,3.3182724,7.6947613
"2020-05-05","Valid",474,276.964258086569,197.035741913431,50,133,18,6.7200003,7.3189454,7.4698324,5.8611197,6.998635,3.496774,7.3663445
"2020-05-06","Valid",407,205.839879762418,201.160120237582,22,89,51,6.38,7.152911,7.0334034,5.4384794,6.5725036,3.6398237,6.571083
"2020-05-07","Valid",359,154.738325452571,204.261674547429,22,144,0,6.05,7.2922926,6.9374366,5.1764364,6.3493824,3.586235,6.7213783
"2020-05-08","Valid",328,121.554322766579,206.445677233421,56,189,5,5.82,7.0774794,6.305533,4.9183345,5.964277,3.7476618,6.014798
"2020-05-09","Valid",286,78.0927788001134,207.907221199887,-44,100,0,5.59,6.83622,5.8141584,4.601278,5.57809,3.8208866,5.562205
"2020-05-10","Valid",260,51.1304476777025,208.869552322297,17,139,0,5.4300003,6.816376,5.4459352,4.6139717,5.5042324,3.7930102,5.3179035
"2020-05-11","Valid",250,40.5033692776561,209.496630722344,22,133,33,5.3700004,6.6600666,5.021523,4.407958,5.0865803,3.8234153,4.910756
"2020-05-12","Valid",232,22.1104329880819,209.889567011918,33,89,3,5.23,6.7298346,5.0313816,4.3364735,4.8728886,3.804603,4.9101577
"2020-05-13","Valid",213,2.85043176397576,210.149568236024,33,167,0,5.01,6.6937113,4.8316507,4.2804713,4.8101635,3.9241638,4.759605
"2020-05-14","Valid",222,11.6239931316776,210.376006868322,89,194,10,4.77,6.58188,4.4554067,4.1114116,4.4375153,3.873838,4.516642
"2020-05-15","Valid",493,281.996424115552,211.003575884448,144,211,475,7.36,6.475698,4.2594047,3.9283876,4.236628,4.267909,4.3610935
"2020-05-16","Valid",647,434.037761740479,212.962238259521,117,228,0,9.42,7.7470636,8.313761,4.666782,7.4661684,6.4672275,7.7499495
"2020-05-17","Valid",712,495.045575086017,216.954424913983,139,261,168,8.860001,7.8451705,8.398345,5.0855045,7.4523973,7.478453,7.908918
"2020-05-18","Valid",1230,1006.20809776993,223.791902230065,133,211,267,9.530001,8.28953,8.8381605,5.799658,8.642848,7.9662313,8.982793
"2020-05-19","Valid",1640,1405.33283563789,234.667164362105,128,206,3,9.610001,8.234918,8.648474,7.261794,9.162807,8.8942585,8.971598
"2020-05-20","Valid",1690,1442.84112884331,247.158871156692,117,189,10,8.9,8.298254,8.591727,8.02781,8.680269,9.141243,9.249325
"2020-05-21","Valid",1560,1301.93352667355,258.066473326452,111,172,0,8.54,8.037943,8.444288,8.068272,8.424324,9.008759,8.890043
"2020-05-28","Valid",360,122.287875720822,237.712124279178,189,300,25,5.77,4.83362,5.001683,6.115103,5.5485106,7.392876,5.6161776
"2020-05-29","Valid",392,164.251757536023,227.748242463977,150,272,81,6.63,4.6427016,4.833223,5.888656,5.4436994,7.4960556,5.533391
"2020-05-30","Valid",362,145.104602741647,216.895397258353,122,250,0,6.9900002,5.3413577,5.1271157,5.8749537,5.7998595,7.5817184,5.6706567
"2020-05-31","Valid",323,116.288759720699,206.711240279301,94,228,0,6.34,5.173229,4.5605345,5.860912,5.650173,7.479327,5.0721908
"2020-06-01","Valid",292,93.4608213196751,198.539178680325,94,228,0,5.98,5.002937,4.115116,5.6886454,5.471947,7.168684,4.7011495
"2020-06-02","Valid",277,85.4306176428919,191.569382357108,156,239,0,5.84,4.8404117,3.6848102,5.419589,5.11855,6.967453,4.4917192
"2020-06-03","Valid",257,71.5466136679913,185.453386332009,194,339,0,5.71,4.6589274,3.3073444,5.100337,4.8911686,6.657321,4.4887347
"2020-06-04","Valid",254,74.2260688302608,179.773931169739,178,289,25,5.44,4.282876,2.887141,4.6687574,4.4578176,6.1871004,4.570116
"2020-06-05","Valid",253,79.2038581948766,173.796141805123,178,278,0,5.21,4.322561,2.8775516,4.57165,4.338746,6.141261,4.196545
"2020-06-06","Valid",231,62.7339007512179,168.266099248782,194,311,0,5.05,4.1532025,2.6920903,4.484572,4.321382,5.848538,4.492253
"2020-06-07","Valid",219,55.3339467580734,163.666053241927,128,283,0,4.78,3.8861074,2.528567,4.309773,4.134186,5.7580748,4.949736
"2020-06-08","Valid",220,60.8220032519712,159.177996748029,150,294,0,4.6400003,3.7174718,2.417913,4.1573,3.9216623,5.512722,4.940623
"2020-06-09","Valid",219,64.6739562183473,154.326043781653,200,322,0,4.5400004,3.4979467,2.2964659,3.9500334,3.935231,5.2438936,4.9700737
"2020-06-10","Valid",270,120.995324290105,149.004675709895,233,317,51,4.4300003,3.2226586,2.1973953,3.7745254,3.9518008,5.165856,4.9206967
"2020-06-11","Valid",242,98.9323733879515,143.067626612048,139,300,0,4.26,3.504809,2.462773,3.929754,4.6373653,5.58197,5.3423495
"2020-06-12","Valid",171,32.327325115353,138.672674884647,117,278,0,4.01,3.3177443,2.3435032,3.8302922,4.493813,5.597644,3.9726167
"2020-06-13","Valid",161,24.54305417876,136.45694582124,139,300,3,3.8300004,3.0857902,2.166649,3.5864878,3.9355204,5.249825,3.947261
"2020-06-14","Valid",157,22.3708693824432,134.629130617557,89,233,0,3.6500003,2.7988925,2.023377,3.28822,3.624422,4.9552665,3.7169528
"2020-06-15","Valid",151,17.9414804134521,133.058519586548,72,244,0,3.5200002,2.6200416,1.9422143,3.2068055,3.5024097,4.7945805,3.4465425
"2020-06-16","Valid",146,14.1934923388672,131.806507661133,128,267,0,3.3900003,2.3574631,1.8034098,3.0372458,3.421051,4.5412955,3.3626347
"2020-06-19","Valid",133,3.63343749999999,129.3665625,161,322,0,2.8000002,1.3148534,1.292882,2.5346572,2.927373,4.0215244,3.4574993
"2020-06-20","Valid",132,2.88749999999999,129.1125,172,333,0,2.5600002,1.1019728,1.1340191,2.435767,2.8159628,4.079388,3.516721
"2020-06-21","Valid",129,0,129,172,333,188,2.4300003,0.9471228,0.99188995,2.354587,2.7295523,3.9339924,3.5382018
"2020-06-22","Valid",137,7.98875000000001,129.01125,178,256,137,2.4800003,1.8309321,1.6614661,2.653886,3.6857467,3.777512,4.493562
"2020-06-23","Valid",157,27.9173125,129.0826875,167,306,137,3.6500003,2.6072628,2.3049843,2.7751963,4.807935,4.2398734,4.8584228
"2020-06-24","Valid",170,40.70899765625,129.29100234375,133,256,0,4.3500004,3.6402655,3.118112,2.6630037,5.0505347,4.4948177,5.476783
"2020-06-25","Valid",147,17.4245273312988,129.575472668701,139,267,0,3.8300004,3.3289917,3.1453185,2.6725156,4.1100307,4.110996,4.89628
"2020-06-26","Valid",133,3.16487743696899,129.835122563031,150,289,15,3.4900002,3.0604367,2.9912639,2.6251383,3.7822456,3.757206,4.2977476
"2020-06-29","Valid",1750,1612.70120356084,137.298796439155,206,294,0,6.21,5.6793747,5.2444544,2.964117,9.518644,6.055831,9.869656
"2020-06-30","Valid",1560,1416.40685094633,143.593149053673,206,317,28,7.05,5.4986095,5.1801305,3.7632947,8.222134,7.499629,8.993168
"2020-07-01","Valid",1250,1101.40987009174,148.590129908259,194,311,0,6.7200003,5.3495812,5.1575117,4.5934587,8.030519,6.989335,7.0501523
"2020-07-02","Valid",865,713.146757893266,151.853242106734,172,311,0,6.19,5.0862894,4.9985256,5.7680526,8.04917,6.7466574,5.51125
"2020-07-03","Valid",521,367.880229203399,153.119770796601,178,317,0,5.21,4.789696,4.682332,6.0608954,7.387788,6.74874,4.58022
"2020-07-04","Valid",331,196.165793679462,134.834206320538,183,322,0,4.34,4.394316,4.236911,5.6020517,6.9459553,6.3100214,4.0702443
"2020-07-05","Valid",244,121.544101275094,122.455898724906,178,328,0,3.8000002,4.0003424,3.7982247,4.929108,5.918322,5.5073504,3.8424149
"2020-07-06","Valid",181,65.8449743514528,115.155025648547,178,328,0,3.3400002,3.6578188,3.4074328,4.2841167,4.531653,5.1716833,3.408029
"2020-07-07","Valid",156,45.1702425421111,110.829757457889,233,339,0,3.0400004,3.354568,3.0625908,3.690721,3.6558213,4.635414,2.9611723
"2020-07-08","Valid",146,38.4272892347147,107.572710765285,211,333,71,2.8900003,3.0920577,2.8356664,3.2875857,3.1914942,4.458902,2.6362746
"2020-07-09","Valid",137,32.1781505240159,104.821849475984,194,339,0,2.6900003,3.3584619,2.9687662,3.0714414,2.8959806,4.201059,2.4397798
"2020-07-10","Valid",130,27.5034059719091,102.496594028091,211,328,41,2.6000004,3.0383267,2.7460475,2.60492,2.1537747,3.9642422,2.0766582
"2020-07-11","Valid",129,28.6928713209828,100.307128679017,183,294,58,2.4600003,3.1148577,2.7750187,2.5070152,2.040933,3.732318,1.9729352
"2020-07-12","Valid",141,43.0375635902517,97.9624364097483,172,294,107,2.4600003,3.266847,2.8969092,2.3961244,1.8072822,3.5388453,1.8158278
"2020-07-13","Valid",133,37.6135653678397,95.3864346321603,133,267,36,2.5100002,3.7132258,3.3040676,2.3089607,1.9696636,3.3978748,1.839423
"2020-07-14","Valid",116,22.853161884151,93.146838115849,156,272,0,2.3900003,3.6176324,3.3220592,2.1151316,1.8320575,3.2046075,1.7631345
"2020-07-15","Valid",106,14.3007155504335,91.6992844495665,172,283,0,2.1800003,3.348771,3.1048617,1.975184,1.5490689,3.1246452,1.632242
"2020-07-16","Valid",125,34.4891181626308,90.5108818373692,200,289,231,2.1500003,3.1527946,2.864925,1.9279594,1.3692613,3.0654075,1.6879072
"2020-07-17","Valid",149,59.8948532501414,89.1051467498586,156,278,0,2.2100003,4.4109626,4.094305,2.2781463,2.5001,3.1467147,2.3939505
"2020-07-18","Valid",128,40.5964016344434,87.4035983655566,200,294,0,2.4000003,3.7915215,3.8568277,2.1077,1.8376763,2.9737253,2.3110108
"2020-07-19","Valid",116,30.558502461117,85.441497538883,233,311,0,2.3400004,3.4432166,3.5509336,2.0457294,1.7665529,2.8688838,2.0664713
"2020-07-20","Valid",122,38.733796883838,83.266203116162,194,289,249,2.2100003,3.1615157,3.3061006,2.0235548,1.5529425,2.7553527,2.1281688
"2020-07-21","Valid",112,31.0851452066486,80.9148547933514,200,283,0,2.1300004,4.491851,4.519835,2.3955984,2.4000103,2.892862,2.8166845
"2020-07-22","Valid",112,33.6055623855661,78.3944376144339,206,278,79,2.16,3.7626472,4.1470547,2.2138114,1.6619239,2.6632051,2.333882
"2020-07-23","Valid",109,33.2087160925039,75.7912839074961,167,289,10,2.1800003,3.9406984,4.2328515,2.3062737,1.6636412,2.655172,2.43054
"2020-07-24","Valid",101,27.5769903702744,73.4230096297256,156,272,0,2.1100001,3.3567147,3.9003496,2.088661,1.2744074,2.4831352,2.0797749
"2020-07-25","Valid",91.9,20.3440436435399,71.5559563564601,161,283,0,2.0800004,3.2958062,3.5469193,2.0970497,1.1928303,2.4330382,1.8599207
"2020-07-26","Valid",88,17.9354525876107,70.0645474123893,183,300,0,1.9500005,2.8406177,3.1933696,2.035707,1.0486579,2.2222872,1.6755416
"2020-07-27","Valid",87.6,18.9734622568765,68.6265377431235,222,328,0,1.7600002,2.885439,2.8779032,1.9921579,1.0012102,2.2830985,1.5468669
"2020-07-28","Valid",84.6,17.3902294668935,67.2097705331065,150,289,18,1.6200004,2.4747925,2.6270888,1.9506028,1.0466974,2.112328,1.4901304
"2020-07-29","Valid",79.5,13.4934913155605,66.0065086844395,161,294,0,1.4200003,2.4410338,2.4665942,2.0599656,0.8570852,2.0052073,1.4834526
"2020-07-30","Valid",78.5,13.5470176384438,64.9529823615562,211,306,0,1.5000002,2.2968867,2.2024105,1.9386342,0.8563862,2.0629025,1.2871892
"2020-07-31","Valid",76.8,12.8765055550744,63.9234944449256,172,306,8,1.6400003,2.4251418,1.9934933,1.9315732,0.92332125,2.0362437,1.2714124
"2020-08-01","Valid",74.8,11.8394654649453,62.9605345350547,178,283,5,1.6700006,2.1181245,1.8232265,1.9573605,0.8127284,1.9955318,1.296545
"2020-08-02","Valid",87.2,25.2182734756165,61.9817265243835,161,233,137,1.7900004,2.2693405,1.6593559,1.9900413,0.8176508,2.0109475,1.193938
"2020-08-03","Valid",100,39.151043960126,60.848956039874,161,278,216,1.5600004,2.8281727,2.1918766,2.0439224,1.0597243,2.063423,1.5172555
"2020-08-04","Valid",88,28.4841924146632,59.5158075853368,144,256,0,1.6200004,4.0693192,3.2674093,1.9841301,1.8162436,2.173827,2.0559812
"2020-08-05","Valid",81.8,23.7993731203707,58.0006268796293,100,222,0,1.6800003,3.484755,3.159315,2.1455529,1.2061002,2.0816457,1.7842486
"2020-08-06","Valid",75.9,19.4546178444464,56.4453821555536,106,244,0,1.5900004,3.2818475,2.880944,2.2235837,1.1206512,2.0943701,1.9503062
"2020-08-07","Valid",71.7,16.6617490210231,55.0382509789769,122,250,0,1.5200005,3.0827332,2.5879478,2.0405908,0.965055,2.0601408,1.7242048
"2020-08-08","Valid",65.7,11.7694584011061,53.9305415988939,133,272,0,1.4000003,2.72534,2.3041472,2.0798962,0.8891804,2.0006418,1.6777301
"2020-08-09","Valid",62.3,9.18590097416871,53.1140990258313,167,283,0,1.4000003,2.6294816,2.010283,1.9751449,0.7940488,1.9131887,1.5353062
"2020-08-10","Valid",71.7,19.3449942963986,52.3550057036014,206,300,15,1.2400005,2.377018,1.7352266,1.943711,0.77251816,1.8534219,1.4170942
"2020-08-11","Valid",94.3,42.8417936650255,51.4582063349745,178,306,203,1.2900004,2.2703936,1.5696948,1.9027886,0.8202224,1.8029191,1.3695023
"2020-08-12","Valid",90.2,39.8585262383722,50.3414737616278,128,272,0,1.0400002,3.432574,2.6266928,1.8111181,1.3831894,1.7980022,1.9016438
"2020-08-13","Valid",77.1,28.1039593091144,48.9960406908856,161,283,0,1.2800004,3.1475863,2.4430816,2.0755067,0.96366763,1.8171501,1.6357863
"2020-08-14","Valid",68.9,21.427744159439,47.472255840561,156,283,0,1.1800003,2.8947124,2.1293569,2.0176377,0.9573779,1.8053253,1.5203695
"2020-08-15","Valid",62,15.9486044183414,46.0513955816586,167,300,0,1.1500003,2.563803,1.8609633,2.0704372,0.786036,1.7468686,1.4761107
"2020-08-16","Valid",58,13.0795723441529,44.9204276558471,167,306,0,1.1700006,2.3928022,1.5822728,2.004145,0.7191992,1.6949108,1.325578
"2020-08-17","Valid",53.7,9.66575388557072,44.0342461144293,144,278,0,1.1800003,2.1222918,1.3212304,1.9847069,0.65040255,1.6479213,1.273195
"2020-08-18","Valid",56.5,13.2537204168332,43.2462795831668,144,233,15,1.2500002,1.8581648,1.1187229,2.0109832,0.58512115,1.6516938,1.2519379
"2020-08-19","Valid",56,13.6172670046845,42.3827329953155,100,256,0,1.1400003,1.674741,1.0659149,2.166636,0.61928177,1.7082157,1.2527363
"2020-08-20","Valid",51.1,9.54116872128059,41.5588312787194,100,267,0,1.1100001,1.3422966,0.9667008,2.0460992,0.5940466,1.6978588,1.3043869
"2020-08-21","Valid",49.6,8.7539661851682,40.8460338148318,122,278,0,1.1000001,1.1554053,0.8922663,1.9544241,0.5696225,1.7255445,1.2789202
"2020-08-22","Valid",46.9,6.65428776774941,40.2457122322506,122,289,0,1.0900004,1.0065527,0.8366747,1.8937547,0.5648842,1.691124,1.2617338
"2020-08-23","Valid",43.5,3.65598677594531,39.8440132240547,150,294,0,1.0800004,0.9109616,0.7920613,1.8229003,0.52597094,1.6530287,1.270112
"2020-08-24","Valid",42.9,3.32809381183276,39.5719061881672,167,311,3,1.0300002,0.8597007,0.7361913,1.8197885,0.52818775,1.5075026,1.1756344
"2020-08-25","Valid",51.3,12.0107095263057,39.2892904736943,206,333,0,1.1100001,0.82208204,0.6747098,1.8281188,0.52011395,1.3373127,1.1586342
"2020-08-26","Valid",48.9,9.94994442033047,38.9500555796695,194,333,0,1.1800003,0.77129126,0.5707593,1.7540407,0.6112037,1.1866741,1.1220391
"2020-08-27","Valid",43.7,5.13634700846537,38.5636529915346,211,322,0,1.0700004,0.70324993,0.48829985,1.9446175,0.5705638,1.161988,1.1166861
"2020-08-28","Valid",41.9,3.67983460374634,38.2201653962537,211,322,0,1.0500002,0.67183065,0.41840696,2.0470803,0.58261013,1.1332202,1.0224881
"2020-08-29","Valid",44.8,6.88260835540145,37.9173916445985,200,317,0,1.1100001,0.63733244,0.3640318,2.183626,0.5752282,1.152812,1.0051479
"2020-08-30","Valid",43,5.42009053624481,37.5799094637552,117,272,0,1.0500002,0.5889697,0.33193064,2.2291372,0.5621524,1.1533632,0.9718783
"2020-08-31","Valid",40.7,3.43187870472413,37.2681212952759,122,267,0,1.0100005,0.55029154,0.38298178,2.1606786,0.4470048,1.4068284,1.1154072
"2020-09-01","Valid",40.1,3.08581481591798,37.014185184082,150,283,0,1.0400002,0.5721898,0.42232037,2.3860312,0.46246147,1.4301093,1.0005481
"2020-09-02","Valid",44.3,7.54240115234375,36.7575988476562,194,267,102,1.1400003,0.5927024,0.4290738,2.4600914,0.48931503,1.3506384,0.9758792
"2020-09-03","Valid",44.9,8.43938046875,36.46061953125,139,278,0,1.1100001,0.9423151,0.69297314,2.6506834,0.5048585,1.1430032,1.0716999
"2020-09-04","Valid",36.3,0,36.3,100,300,0,0.97000027,0.69673777,0.6488471,2.6101277,0.4017868,1.3868377,1.0618749
"2020-09-05","Valid",39.7,3.39521875000001,36.30478125,117,250,0,1.2200003,0.6255107,0.58724356,2.5575933,0.34717226,1.4055073,1.1505027
"2020-09-06","Valid",40.9,4.5751234375,36.3248765625,117,294,20,1.3600004,0.6769533,0.6180911,2.5891356,0.3947091,1.4922094,1.1661515
"2020-09-07","Valid",47,10.6253036914063,36.3746963085937,144,267,127,1.5500002,0.71354485,0.68599606,2.576717,0.35305977,1.376013,1.1777861
"2020-09-08","Valid",50.6,14.1264249628906,36.4735750371094,156,267,315,1.1200004,1.1398678,1.1259298,2.652104,0.44493008,1.205282,1.3725533
"2020-09-09","Valid",66.8,30.1446419603882,36.6553580396118,156,256,279,1.3400004,2.3998098,2.1527045,2.6777325,1.99347,1.4654949,1.9747095
"2020-09-10","Valid",73.5,36.5429672894447,36.9570327105553,156,244,0,1.3100002,4.2485323,3.2432306,2.566658,2.7543945,2.2185843,2.8772528
"2020-09-11","Valid",65.9,28.5922375083648,37.3077624916352,156,239,0,1.4500005,3.6506877,3.224849,2.6141753,1.0058825,1.9490433,2.3174527
"2020-09-12","Valid",58.4,20.7813236086735,37.6186763913265,161,250,0,1.7700002,3.2178307,2.8859055,2.6567767,0.62149334,1.862175,2.1557045
"2020-09-13","Valid",60,22.1172032744159,37.8827967255841,133,250,104,1.9300003,2.8264258,2.5717843,2.396177,0.5095868,1.7335258,1.7901671
"2020-09-14","Valid",56.9,18.8048545290138,38.0951454709862,111,250,0,1.7400002,3.5625558,3.0831437,2.218459,0.39678,1.6769063,1.9340997
"2020-09-15","Valid",52.5,14.2481414448584,38.2518585551416,111,239,0,1.7200003,3.1581419,2.8472922,2.2618473,0.3564191,1.5541968,1.515029
"2020-09-16","Valid",47.2,8.84812209037034,38.3518779096297,83,256,0,1.7700002,2.8199797,2.6042743,2.0945456,0.43768692,1.4748714,1.5996683
"2020-09-17","Valid",47.4,9.00296013008668,38.3970398699133,106,267,0,1.8500004,2.4788122,2.3777025,2.0207047,0.36915684,1.3773947,1.564033
"2020-09-18","Valid",46.6,8.63801215645814,37.9619878435419,83,239,0,1.6800003,2.1763105,2.199708,1.9244606,0.38919306,1.3344839,1.4889214
"2020-09-19","Valid",44.3,6.94514827725204,37.354851722748,28,189,0,1.8600004,1.971287,2.0734768,1.8694379,0.40402555,1.3255174,1.6216514
"2020-09-20","Valid",42.9,6.05151165108328,36.8484883489167,39,200,0,1.7900004,1.8827946,2.015877,1.8040185,0.56964016,1.3444932,1.8667159
"2020-09-21","Valid",41.2,4.77325583900895,36.426744160991,50,233,0,1.7400002,1.8242936,1.9791803,1.8265395,0.67569923,1.361464,1.7128596
"2020-09-22","Valid",41.8,5.76118874487454,36.0388112551255,67,250,0,1.7800004,1.7409534,1.9316678,1.7260518,0.6552224,1.36199,1.7153733
"2020-09-23","Valid",39.5,3.81165675121572,35.6883432487843,83,256,0,1.6700006,1.6835907,1.8823929,1.6538162,0.6346164,1.3693972,1.6832037
"2020-09-24","Valid",38.7,3.28827756888187,35.4117224311181,94,250,0,1.6300004,1.620563,1.8302069,1.553057,0.5899272,1.3950443,1.655344
"2020-09-25","Valid",39.5,4.35611088527769,35.1438891147223,89,267,0,1.5500002,1.5698593,1.7805932,1.622829,0.5855012,1.4509745,1.6245642
"2020-09-26","Valid",35.4,0.411876632732636,34.9881233672674,111,278,0,1.4900002,1.5198581,1.7251451,1.8407459,0.5777273,1.4801567,1.5959156
"2020-09-27","Valid",38.4,3.44983284619745,34.9501671538026,156,261,0,1.4300003,1.4595833,1.6602516,1.7567301,0.5443845,1.5629663,1.4704442
"2020-09-28","Valid",42,7.10967993507833,34.8903200649217,106,239,89,1.4000003,1.45299,1.5894756,1.9833233,0.60820246,1.7334216,1.3641086
"2020-09-29","Valid",42,7.20728859113197,34.792711408868,39,172,15,1.6900003,1.86077,2.0156896,2.3631687,0.5279503,1.7819338,1.8839953
"2020-09-30","Valid",40.1,5.44583683996953,34.6541631600305,67,161,0,1.3100002,1.7842028,2.0466921,2.3821282,0.55995893,1.7360742,1.820884
"2020-10-01","Valid",38.5,4.01795774526636,34.4820422547336,33,194,8,1.3700004,1.7694948,2.0069063,2.541098,0.749033,1.8932717,1.6957324
"2020-10-02","Valid",41.8,7.52196150171683,34.2780384982832,11,156,3,1.4700003,1.7473009,2.0030184,2.5922408,0.7443037,1.7804618,1.7888374
"2020-10-03","Valid",38.1,4.06106502405613,34.0389349759439,33,150,0,1.5000002,1.7498772,2.0146766,2.7070796,0.93139005,1.7580323,1.9313788
"2020-10-04","Valid",40.9,7.134745968839,33.765254031161,61,156,114,1.5800004,1.7594736,2.018438,2.7386646,1.0272193,1.7878907,1.7817223
"2020-10-05","Valid",41.5,8.04846928775671,33.4515307122433,-11,122,155,1.9500005,2.4237144,2.5102463,2.8025324,1.1512337,1.7456543,2.2460027
"2020-10-06","Valid",40.2,7.10824748747835,33.0917525125217,0,172,0,1.4400003,3.35984,3.1596875,2.9028418,1.501786,1.4874046,2.5759592
"2020-10-07","Valid",38.4,5.7104913813806,32.6895086186194,111,239,0,1.3100002,2.9006784,3.0427608,2.9056187,0.96864843,1.5572112,1.928237
"2020-10-08","Valid",39.1,6.85126191206152,32.2487380879385,56,267,0,1.3700004,2.5910175,2.8465369,2.5527658,0.7704158,1.8324041,1.792599
"2020-10-09","Valid",34.9,2.99798596079971,31.9020140392003,61,239,0,1.4200003,2.3083684,2.6141949,2.4201403,0.49081564,1.7981749,1.8615825
"2020-10-10","Valid",34.6,2.9289037414051,31.6710962585949,78,283,0,1.3800001,2.1244707,2.4522839,2.385518,0.45452118,1.7699623,1.7707868
"2020-10-11","Valid",35.4,3.96759863935686,31.4324013606431,94,283,0,1.3600004,1.9669986,2.3100808,2.2593255,0.43235254,1.7463319,1.5674341
"2020-10-12","Valid",31.5,0.199971502007422,31.3000284979926,128,267,0,1.3200002,1.8325377,2.196233,2.2295997,0.42737865,1.7717435,1.4277446
"2020-10-13","Valid",35.4,4.12211446162964,31.2778855383704,6,211,25,1.3000004,1.7456028,2.099021,2.301524,0.44083166,1.8673172,1.2580857
"2020-10-14","Valid",36.2,4.9646114956807,31.2353885043193,22,217,0,1.4500005,1.78477,2.1503932,2.4622455,0.53557205,1.6197381,2.1315322
"2020-10-15","Valid",36.8,5.63699468071899,31.163005319281,56,250,0,1.1700006,1.7196741,2.0871556,2.459521,0.65463066,1.5448642,1.471813
"2020-10-16","Valid",35.4,4.34061634692383,31.0593836530762,-39,117,0,1.2100003,1.6649799,2.0332165,2.3935008,0.679626,1.5861905,1.5054212
"2020-10-17","Valid",31,0,31,-28,144,0,1.3100002,1.6934075,2.0424073,2.5670257,1.2383809,1.4809513,2.4361527
"2020-10-18","Valid",36.4,5.39240625,31.00759375,17,189,0,1.3700004,1.7365916,2.0567462,2.48147,1.4388359,1.4178243,1.8698301
"2020-10-19","Valid",41.1,10.0565609375,31.0434390625,44,172,56,1.3900001,1.7335231,2.045748,2.3013859,1.317431,1.4858575,1.9870024
"2020-10-20","Valid",40.5,9.37677576171875,31.1232242382812,33,106,0,1.5400002,2.0329812,2.2816713,2.3359559,1.2517843,1.5250478,2.3627534
"2020-10-21","Valid",40.4,9.15506208203125,31.2449379179687,33,139,28,1.4700003,1.9625072,2.2731297,2.2842314,1.2883918,1.6987967,2.085609
"2020-10-22","Valid",43.4,11.9950642156372,31.4049357843628,78,133,51,1.6200004,2.0888,2.344346,2.2142856,1.291043,1.6840804,2.11123
"2020-10-23","Valid",43.4,11.8013053972632,31.5986946027368,128,272,0,1.4200003,2.3458412,2.5302947,2.2800407,1.1621215,1.7929695,1.9760175
"2020-10-24","Valid",47.4,15.6029872808106,31.7970127191894,39,211,15,1.0600004,2.102017,2.3704631,1.9755743,0.9056537,1.8964329,1.5667644
"2020-10-25","Valid",48.9,16.9259429063082,31.9740570936918,33,89,0,1.1200004,2.0163014,2.3110507,1.9659812,0.71585274,1.805198,2.0407948
"2020-10-26","Valid",43.6,11.4744282157746,32.1255717842254,44,89,0,1.1900003,2.0226123,2.3010666,2.123635,1.1275117,1.867573,2.0482051
"2020-10-27","Valid",43,10.7519983759843,32.2480016240157,33,61,5,1.3100002,2.0521185,2.2901244,2.1873913,1.2883141,1.9302568,1.8256571
"2020-10-28","Valid",42.5,10.1610976112989,32.3389023887011,0,50,15,1.4400003,2.1147246,2.3200011,2.309608,1.4660597,1.9848702,1.9560554
"2020-10-29","Valid",45.5,13.1038034654245,32.3961965345755,6,89,0,1.5600004,2.2097418,2.4006333,2.4099011,1.6953282,1.9538431,2.0642564
"2020-10-30","Valid",42.5,10.082422912271,32.417577087729,0,128,0,1.5400002,2.163789,2.3786552,2.3966446,1.6398172,1.9924996,1.8688436
"2020-10-31","Valid",35,2.90434375,32.09565625,-44,72,0,1.6800003,2.0890257,2.3188047,2.3617857,1.5032432,1.9482348,1.9433234
"2020-11-01","Valid",33,1.05875,31.94125,-28,150,0,1.6300004,2.0680547,2.3270159,2.4776683,1.7935534,1.9222941,2.3076496
"2020-11-02","Valid",31.9,0,31.9,-61,50,0,1.6200004,2.012485,2.2699766,2.3808324,1.5944052,1.838335,1.9368832
"2020-11-03","Valid",32.9,0.998593750000001,31.90140625,-28,100,0,1.6400003,2.0479436,2.329921,2.6348267,1.9796071,1.9133258,2.5729728
"2020-11-04","Valid",36.7,4.78783593750001,31.9121640625,39,200,0,1.5800004,2.0615468,2.33838,2.6669073,1.8750169,1.9683268,2.2126489
"2020-11-05","Valid",33,1.06224658203125,31.9377534179687,111,239,0,1.4500005,1.9844344,2.2324865,2.499835,1.4815454,2.0198684,1.8868749
"2020-11-06","Valid",35,3.02646075002517,31.9735392499748,56,211,0,1.4500005,1.8834274,2.0849235,2.3993714,1.187679,2.094005,1.5814312
"2020-11-07","Valid",33.8,1.78905802304186,32.0109419769581,33,233,0,1.3400004,1.768235,1.9799511,2.3174434,0.9547312,2.0119998,1.8667617
"2020-11-08","Valid",35.1,3.05536099579351,32.0446390042065,28,233,0,1.2000003,1.6822143,1.8973911,2.1627965,0.8916631,1.8267143,1.6533103
"2020-11-09","Valid",34.8,2.7260505437867,32.0739494562133,117,261,0,1.0300002,1.625761,1.8474901,2.0914712,0.87735415,1.7115507,1.7031043
"2020-11-10","Valid",32.4,0.300860589916674,32.0991394100833,156,250,0,0.8500004,1.6068254,1.7849009,2.1384234,0.90643215,1.8341658,1.2726912
"2020-11-11","Valid",34.2,2.07576479567292,32.1242352043271,11,244,71,0.7000003,1.5785985,1.6912723,2.3148437,0.87982464,2.0012841,1.2369807
"2020-11-12","Valid",41.8,9.63445977974745,32.1655402202525,-50,61,0,1.0500002,1.8021355,2.0086637,2.308778,0.7744951,1.6428635,2.3704088
"2020-11-13","Valid",38.6,6.36011183923515,32.2398881607648,-6,111,3,1.0000002,1.8127983,2.0841384,2.6021078,1.6143544,1.6229844,2.1959016
"2020-11-14","Valid",38.8,6.45594100353861,32.3440589964614,-78,39,0,1.1600003,1.8784022,2.1209424,2.5313005,1.6972764,1.6617353,2.0152795
"2020-11-15","Valid",37.1,4.63316703910085,32.4668329608991,-39,128,86,1.2900004,1.9366767,2.2057817,2.6034706,2.1666486,1.703758,2.4348686
"2020-11-16","Valid",44.9,12.2886976261839,32.6113023738161,-11,72,0,1.8200002,2.4511123,2.5335135,2.6055894,2.051055,1.3962696,2.5707307
"2020-11-17","Valid",53.1,20.2953995606095,32.8046004393905,-17,106,0,1.2900004,2.3085947,2.5682547,2.5297806,1.9386113,1.7844231,2.3993762
"2020-11-18","Valid",108.48804,75.3375290994739,33.1505109005261,-39,61,0,1.3300002,2.2458565,2.5213976,2.4653382,1.9486625,1.9385839,2.5098984
"2020-11-19","Valid",39.8,6.17677377374946,33.6232262262505,0,111,0,1.4800003,2.2869503,2.5871654,2.6807346,2.518317,2.229757,2.845928
"2020-11-20","Valid",44.2,10.1073282407183,34.0926717592817,100,189,0,1.5000002,2.2332976,2.5244975,2.639567,1.8982213,2.130585,2.1534715
"2020-11-21","Valid",50.7,16.1458520601644,34.5541479398356,50,178,0,1.4500005,2.1545286,2.3869746,2.5693285,1.5153205,2.2449195,1.873142
"2020-11-22","Valid",55.2,20.1629935853396,35.0370064146604,11,94,99,1.3900001,2.0256572,2.2685137,2.5114214,1.2755756,2.190251,2.0523996
"2020-11-23","Valid",54.9,19.3431809639,35.5568190361,-11,56,3,1.8100002,2.680262,2.7395644,2.8365622,1.7380021,1.9108112,2.8165162
"2020-11-24","Valid",58.2,22.1041289736721,36.0958710263279,-6,72,30,1.1900003,2.54192,2.7788606,2.7052784,1.8038843,2.0782406,2.2400255
"2020-11-25","Valid",60.3,23.6888873285053,36.6111126714947,22,72,51,1.3200002,2.7091937,2.8805835,2.704544,1.9226575,2.0962298,2.5743418
"2020-11-26","Valid",63.1,26.0230512479542,37.0769487520458,56,117,58,1.7400002,3.0241876,3.119096,2.7599092,1.8422298,2.1201205,2.5586896
"2020-11-27","Valid",66.6,29.1116049087413,37.4883950912587,-6,72,0,1.3200002,3.3340745,3.390399,2.6444657,1.624615,2.1500258,2.4575562
"2020-11-28","Valid",63.9,26.0603202492119,37.8396797507881,-50,83,0,1.3900001,3.1140008,3.3528035,2.5416093,1.7352822,2.2685657,2.5494013
"2020-11-29","Valid",60.7,22.5748285277665,38.1251714722335,-39,83,0,1.6800003,2.979786,3.2502086,2.4913535,1.995369,2.2398016,2.6156092
"2020-11-30","Valid",62,23.6598431055861,38.3401568944139,0,83,3,1.7900004,2.8751068,3.1797307,2.5554726,2.030416,2.2572007,2.493249
"2020-12-01","Valid",53.1,14.6190361135749,38.4809638864251,-39,17,0,1.8200002,2.810943,3.1549592,2.6583796,2.0067658,2.3635368,2.4115274
"2020-12-02","Valid",51.2,12.6545354035461,38.5454645964539,-94,-6,0,1.7800004,2.7803774,3.202375,2.9095488,2.284169,2.4501157,2.7267842
"2020-12-03","Valid",38.4,0,38.4,-89,61,0,1.8900003,2.8017726,3.2635555,3.170846,2.6219158,2.433035,2.881228
"2020-12-04","Valid",49,10.58509375,38.41490625,-50,78,0,1.94,2.7666154,3.2029696,3.17837,2.4210792,2.3286011,2.6750176
"2020-12-05","Valid",56.6,18.1170171875,38.4829828125,-44,83,0,1.8700004,2.7285721,3.163725,3.1871724,2.3359973,2.4414825,2.8762174
"2020-12-06","Valid",55.7,17.0688140820313,38.6311859179688,-11,56,0,1.9200003,2.6772099,3.1306112,3.1702812,2.312482,2.5400617,3.124755
"2020-12-07","Valid",54.3,15.4466988457031,38.8533011542969,-11,11,0,1.8100002,2.6616807,3.1277852,3.2112443,2.2658105,2.7079022,3.222526
"2020-12-08","Valid",47.9,8.7767950656128,39.1232049343872,-11,11,0,1.8400004,2.6898487,3.1587162,3.3183677,2.3500767,2.9050922,3.321374
"2020-12-09","Valid",47.1,7.68861417152893,39.4113858284711,-17,22,0,1.8400004,2.7118533,3.1624968,3.3499508,2.3102808,3.064782,3.2042174
"2020-12-10","Valid",50.9,11.1995139923211,39.7004860076789,-50,117,0,1.8000004,2.71284,3.1544921,3.346972,2.273108,3.2329514,3.1502428
"2020-12-11","Valid",53.7,13.7243904875917,39.9756095124083,-33,144,0,1.7700002,2.5897446,3.0710557,3.1072474,2.0733047,3.1160002,2.940042
"2020-12-12","Valid",62.8,22.5757755223366,40.2242244776634,-11,111,246,1.6600001,2.4749796,2.99525,2.9262333,1.8768694,2.9928882,2.7754538
"2020-12-13","Valid",86.5,46.0596952239275,40.4403047760725,-11,106,5,1.8000004,4.672594,4.630656,3.341253,2.57079,2.6029828,5.04641
"2020-12-14","Valid",94.3,53.6880223222779,40.6119776777221,-39,28,0,1.7900004,4.304497,4.6382813,2.8800046,2.0139654,2.5556285,3.4830184
"2020-12-15","Valid",82.4,41.677138416794,40.722861583206,-67,11,0,2.3200002,4.167064,4.4635563,2.8501744,2.5562384,2.8770423,3.976063
"2020-12-16","Valid",77.1,36.4392503401689,40.6607496598311,-61,0,15,2.3700001,4.0956116,4.231608,2.9624834,2.6243546,3.076879,3.6679783
"2020-12-17","Valid",71.9,32.4999576362357,39.4000423637643,-39,-17,3,2.3100002,4.202041,4.1347585,3.1701577,2.7263536,3.275045,3.6972938
"2020-12-18","Valid",67.9,29.9601241341445,37.9398758658555,-111,-6,3,2.1900003,4.211271,4.0156436,3.3573396,2.778948,3.6220493,3.5424995
"2020-12-19","Valid",64.2,27.9029366571934,36.2970633428066,-94,22,0,2.1800003,4.220202,3.8716507,3.5267982,2.961197,3.682031,3.852195
"2020-12-20","Valid",64.6,30.1216623085631,34.4783376914369,0,78,0,2.0700004,4.180435,3.717341,3.596334,2.8609493,3.685454,3.797427
"2020-12-21","Valid",62.6,30.1199115820794,32.4800884179206,-11,50,0,2.0000002,4.0860143,3.5595717,3.4702444,2.6052704,3.8764772,3.182448
"2020-12-22","Valid",62.8,32.504667074676,30.2953329253241,-28,83,0,1.9700003,4.04671,3.4662728,3.4621143,2.6016965,4.037333,3.380085
"2020-12-23","Valid",60.6,32.6834374346185,27.9165625653815,-28,50,0,1.8600004,3.9836204,3.3586335,3.3292418,2.484464,4.0058937,3.2201889
"2020-12-24","Valid",57.1,31.6556356181458,25.4443643818542,-94,128,30,1.7900004,3.9870913,3.3042507,3.342676,2.486395,4.02107,3.2617059
"2020-12-25","Valid",27,2.90203850610352,24.0979614938965,-144,-89,0,1.8300002,4.1234317,3.353119,3.1258497,2.356009,3.6177938,3.5003662
"2020-12-26","Valid",33.7,9.84752473632813,23.8524752636719,-139,-72,0,1.94,4.22886,3.4442873,3.650536,2.760861,3.5846155,4.2985168
"2020-12-27","Valid",31.9,8.339972265625,23.560027734375,-83,22,0,1.9300003,4.291745,3.4358277,3.879858,2.8304834,3.6049964,4.0448923
"2020-12-28","Valid",23.4,0,23.4,-28,83,0,2.0400002,4.2543936,3.3472407,3.7863495,2.5246332,3.6679354,3.3910036
"2020-12-29","Valid",35.9,12.482421875,23.417578125,-100,6,0,1.8800001,4.1741395,3.2302475,3.5736318,2.2406056,3.7936027,2.9265924
"2020-12-30","Valid",49.1,25.59618359375,23.50381640625,-78,33,53,2.0200002,4.207647,3.229135,3.7140937,2.4792602,3.8145242,3.9198961
"2020-12-31","Valid",44,19.9364913085938,24.0635086914062,-44,44,5,2.1000001,4.559497,3.450233,3.6871827,2.447663,3.7391233,3.9885263
